23750
15653
52439
41747
54487
24014
36988
26365
59599
60437
26759
21939
16694
53424
49185
54242
42438
61868
16463
27027
40911
31374
18951
41820
42903
23079
60029
59383
64274
62262
18489
48155
52345
24359
21926
54038
37946
19625
30825
56652
61149
17246
16252
18985
41502
17467
18790
50626
64427
64975
15961
35978
53387
52801
39464
15776
24697
33297
27139
49270
61660
38865
39121
48700
40293
50221
56680
42843
23765
57941
16059
46174
61640
38299
51121
47002
41681
23480
28030
50494
21010
61017
59680
39061
30121
55878
33352
57464
30642
32627
64147
48001
53517
35568
49764
45851
16525
25099
38496
25573
17290
42949
64502
40549
51316
43922
43177
35609
62324
63914
28715
30680
57520
40892
55944
50615
54299
62083
20331
33400
64839
15504
30929
38525
57832
21238
45208
21531
54742
59333
37748
42617
59822
30174
49262
17911
36470
55654
51769
49339
50267
52550
54355
59766
15097
53486
59140
52101
53894
38506
46742
48020
50731
31292
39952
45534
20240
56537
46369
56431
34083
19792
26550
37146
36229
46565
22984
62022
35425
31580
22725
22595
46458
61360
28249
31563
50959
43299
42440
16387
59582
32576
16715
20144
43570
44092
49701
57159
61690
46987
39889
45581
15464
16319
35482
30413
58563
42795
46518
63080
16522
24438
30832
39078
17140
31851
59041
30922
26073
35629
48506
17620
41334
45640
26448
25328
53905
62035
17140
47580
16650
26033
44350
15256
15962
21110
61093
64229
16555
40887
35950
38015
50740
30138
33087
16679
42719
60573
54863
53561
49192
43842
46476
27309
33748
54536
37736
30521
22028
18453
29024
43315
54628
33167
46794
49411
34397
62842
31419
37047
37763
45995
60995
28481
17955
39867
41830
38731
47325
39912
61415
41851
40194
18518
16946
43153
40987
33650
40150
25421
52501
36054
41310
20285
39404
64488
51403
16516
61443
52782
54992
60999
49182
35276
28105
37520
30668
16254
39464
53302
18772
57649
46621
21796
15194
52331
26882
56917
30462
45099
37073
46145
34242
29451
50242
43632
40758
26834
64836
56846
18930
19302
63399
61592
45679
47406
31300
24738
45010
59606
15898
55322
50966
16268
63942
41511
40949
46951
46974
37756
40723
63991
51178
64777
55271
38807
52351
24784
32966
42319
61017
53829
52846
42614
34501
43646
62732
47285
21352
23802
37338
42535
62976
21358
45897
15740
44965
44538
61046
33773
27178
21883
25244
34377
55670
34745
49239
51838
53434
19376
44848
22804
63407
47613
57418
62371
27437
40142
22327
41397
59994
37628
35399
39381
23389
38836
37135
18647
17822
42768
58674
38433
17532
48501
45966
45831
55786
36678
57702
40581
18327
26085
48471
15845
42248
49977
16426
53728
15588
23532
63989
52001
41532
17531
48734
39429
51302
58993
54669
28767
56773
27037
57532
34696
41478
53967
19086
58003
32520
31026
21337
38398
15881
59011
30225
15845
45658
19711
43826
42625
64030
49019
18154
26574
32196
59373
54594
20330
22734
44280
29495
54841
24910
22613
58376
42117
50956
46812
25998
43922
52038
26578
19603
60688
41221
22860
37968
16825
62039
54738
25256
54939
20351
64079
47370
52304
28773
62597
32151
39912
41307
18413
41425
52264
48029
21660
15595
61196
52244
21809
62035
50456
53655
38442
60424
20540
49550
27095
38538
61205
49989
26470
56013
23088
19146
46173
46201
60554
17683
40855
50338
54548
63871
49253
18286
33602
62439
23174
63880
36897
42480
55841
64817
42920
36208
31103
29949
18920
31706
50982
55105
30205
48584
33743
51943
42871
30692
58585
59899
17202
52403
63767
40454
39552
53262
17028
16708
40681
46766
33543
54116
26953
54372
60113
64987
30376
40291
16355
43270
28854
20443
35037
48538
51333
23394
64385
53017
36801
40592
17158
42596
51994
31319
31081
55111
18850
64461
59725
17814
52802
43112
26467
37474
64887
27941
63221
32919
48970
63477
17132
25349
57917
21173
36897
24841
24528
41000
42720
64280
35924
43731
59753
37096
43911
29477
29857
27354
46670
45296
28677
55447
54641
63144
45262
57782
58639
53015
17856
31448
35714
36811
57276
40080
50942
38845
48166
41314
51875
64767
51057
62455
33539
46241
58357
60538
40829
61567
22163
48818
15798
19611
16591
43901
58505
48002
31820
62229
21334
42542
38374
30929
29494
34280
31673
31307
21983
47511
25695
35017
54210
43577
55350
18843
40098
35549
50271
26128
22607
32459
51331
50900
34224
16737
44832
51690
20880
32331
30657
34802
34815
27597
44700
62088
48041
58976
17733
33049
27443
54151
31952
51842
37521
39132
21204
37878
62853
43980
63834
38972
47539
20860
45077
20371
28335
18967
26923
28611
59544
28469
54210
47122
29918
29433
21686
18607
55662
32359
52774
55214
35742
58016
27246
31537
32724
15387
31215
63871
50193
58418
63227
45283
23035
64982
35293
31524
30856
36144
54821
43308
34166
61942
38625
50248
15863
55110
49271
43739
56938
57377
18158
21215
18037
18695
33613
57801
16990
62779
46427
18808
28969
43650
34982
54745
62507
33230
24703
53018
45342
33793
63298
24121
61117
30880
44451
17528
24495
21111
33636
33952
16704
18339
23923
17551
56539
52399
18800
50816
59396
18238
50893
26581
40161
44481
61806
16243
32841
61350
41263
63705
47301
37422
16149
26798
40819
64857
31468
60183
42009
15953
59152
62130
56006
21935
31928
60707
38356
40749
19212
55656
29882
24713
56695
64506
32942
51523
57303
33107
20760
42852
51057
30582
59041
57659
19570
41023
52954
40356
28417
44872
32569
41719
21200
31333
21502
25963
46784
23182
48692
45765
49300
57734
34420
30817
42078
55980
58019
63051
17878
49021
37899
54123
58937
47604
61143
39675
60190
39216
64215
63894
43220
17648
37780
25406
52743
50941
50029
22714
62609
63316
52400
58426
15325
43183
62549
15513
34631
38543
18436
56766
52831
41687
32199
60799
39676
63672
47786
35331
34733
28613
20270
29073
35402
28946
31565
46618
58810
24174
54727
63840
25662
31546
41243
35202
33802
19909
43826
37525
58388
53893
38838
47872
32581
32420
35168
31796
34844
60789
33166
34198
20690
48449
50258
52923
60760
33203
35496
48591
47564
27180
26448
54353
22939
61267
17625
17198
37024
19133
52175
40601
62474
50740
38411
17748
15084
25528
48169
47166
64798
35855
16231
62585
24161
54074
22809
60070
30112
36677
57769
49216
20226
31258
19307
54449
49227
53428
27679
55525
49618
52875
32672
19033
28126
24064
58777
30831
24025
27142
35655
15506
40983
48043
16634
62512
48575
26978
47285
57832
23016
22735
37909
38225
22047
16654
19758
52357
36596
46672
17296
51033
20421
40291
29065
54442
57250
50860
43668
56677
19664
43828
50815
16946
59689
56284
19002
21390
45296
23646
28443
43732
31906
41682
20783
19656
37672
29482
50747
43120
27753
47563
50096
19455
55261
19832
49133
31054
24908
45004
57198
27401
39700
29828
22882
40292
61545
51271
18299
29768
30391
49379
28895
54878
43908
42533
32571
26951
28369
64819
25750
62997
27246
29066
32931
18090
59773
31200
46193
18475
26846
60485
23117
21376
51034
44907
43223
30331
40700
31343
26338
57074
36121
21875
54164
48827
21312
54857
37933
51587
32829
41038
36005
28858
16663
40048
55214
32479
45705
35005
24921
37668
26494
61866
31572
43934
52357
60829
44833
41867
35140
39240
45730
40015
28585
42499
64735
42653
36076
45268
63594
55967
40656
52189
23146
50483
27544
15746
33892
41922
49142
64805
44137
58893
46062
60416
36040
20806
37642
29374
64259
40408
17655
40855
22287
38036
24556
40007
39621
34458
18394
40345
39605
53616
15903
27045
18699
15154
29237
31955
54953
59446
62216
21562
61204
31914
58996
17466
51419
55869
29644
50882
30594
27814
50631
64847
62029
17781
26357
23842
35159
50373
26592
24189
37843
40938
24110
31594
31545
59628
42706
62071
39762
54400
59442
47650
57039
16400
55459
63436
25939
30550
21472
33261
37826
42586
25146
36149
28529
55557
23225
57066
62636
20226
64737
36067
29126
26144
25744
16560
41563
32630
51043
42323
23330
45716
55784
25039
35438
27297
47535
18683
28692
23206
56409
54355
26022
39831
63890
53036
57694
35161
25180
26274
61126
18021
38864
59984
21220
27991
59625
35418
54756
46611
35932
58090
21885
62389
56511
25046
20309
46755
28283
43531
44624
33681
33100
32072
45876
28577
24741
57145
46280
45461
64320
26429
21867
59058
59043
28807
63568
24515
55327
26622
46311
15319
60817
55713
16151
25576
23371
27547
27224
35609
19565
59310
55293
26891
46157
28687
50318
34988
35462
30702
63507
58876
46876
29169
25149
47405
64637
39500
53039
16855
22035
52799
33401
34406
31911
22555
22037
47905
35391
25394
32874
26823
60200
32234
24238
19015
21311
15742
18553
28588
61752
21298
51812
26915
37138
16016
60496
48251
63650
15620
37220
62264
48155
32144
38734
30548
54016
60797
59738
52515
28576
35727
34256
51201
62768
27331
49880
27050
53286
53927
23512
36965
22785
25622
31518
19182
25798
58591
61258
56831
24198
62674
51427
56794
44667
63270
29129
35365
45953
64073
61194
27555
47521
57173
23998
31531
29928
24268
43165
32039
19031
35456
15377
58076
58324
50752
48422
16864
47469
18451
23421
62365
33837
55338
21504
50688
32870
25894
46736
63390
38222
36902
26906
33108
28759
22314
56360
37930
21142
37833
54499
55667
60966
39531
48518
27379
58741
19940
55166
31454
33547
41086
17774
56681
61018
34833
18576
31695
56705
39442
17157
30242
61083
48709
35564
60876
43189
26848
58305
31744
46205
16654
24477
46754
31126
35837
41804
33520
29319
35813
21068
60652
28723
51317
40065
55143
31571
20859
58517
58379
44176
33039
46445
40261
48525
33485
36695
47229
22128
37677
35967
19715
60129
47521
53088
17592
18843
50186
64087
55190
19344
24567
25732
38685
62026
30268
38154
29563
43787
15451
55270
61351
55925
37873
15132
17179
31702
38495
15292
17947
56908
28627
58884
62102
49302
53347
57183
23832
58507
43590
21291
61001
49939
19327
29224
53686
61379
24550
57036
34234
45702
41525
38996
26264
33863
27420
25589
36008
17452
34977
53937
41995
50332
43207
35860
26605
54528
62154
62766
58679
37207
55381
17739
17965
26820
24496
44286
27722
42818
53385
30988
64070
53816
36861
57013
29314
37880
43572
31021
47968
54385
31670
49608
63201
25332
54190
22373
60716
17107
40761
22033
58872
62341
58811
36380
43799
63431
52926
52393
48479
25933
48872
26286
37637
48469
32776
23212
37208
32620
55212
35080
40280
33114
29251
29864
59217
51833
64682
18649
61752
46387
27477
44157
57680
34761
30699
59602
49593
42768
44078
36317
61703
53829
44198
61862
60394
44306
42010
53085
43295
44104
36346
52986
20754
44188
61259
23714
45678
46222
56976
32950
29779
59412
50577
37301
49683
28102
33563
42593
62793
56883
38644
42079
33542
61345
28649
49720
32953
56577
43878
61709
36394
34640
59376
46103
40084
16377
46995
62684
54813
57273
16532
33630
53763
41099
60242
31677
19860
57313
63677
59053
40538
30356
34162
55506
54465
28594
48659
46935
54967
54167
63232
63678
19311
31239
26180
53554
21633
31863
59838
22105
28433
40075
36441
51941
47899
30282
28043
42761
50824
21598
56903
18633
43184
27111
45215
42778
15900
63583
62153
24584
21190
30472
63980
54247
60992
53138
27848
58929
59741
20824
41184
27181
51728
18314
64325
22673
50095
55222
64608
37566
43411
51023
32459
55786
17375
37424
47436
22875
28459
40282
17855
52031
34252
40872
35471
43353
18497
62948
28705
38614
27420
31986
15342
28221
17787
32666
28763
41876
58067
47811
51062
37295
33656
63083
24334
38452
57531
49219
24223
34826
25457
33063
42601
61664
25003
42651
28973
32490
36951
63137
60756
16293
19859
35400
32747
44412
49289
43886
58158
47027
43931
38997
38640
24001
22188
38324
18884
17339
39465
17796
48204
56042
30035
19179
51739
29934
53097
52454
49593
32829
56726
19918
26051
60708
40020
64701
29547
26766
34556
58507
48323
46034
54524
16561
47618
36454
16355
39582
46417
45042
36188
49719
15397
47216
54740
47721
32937
57087
35273
36059
18423
58886
64018
30575
25843
56869
51813
42551
15507
20423
53481
38148
18719
35973
41161
32345
16177
48004
19360
16638
61673
50222
53015
56209
63200
50190
47417
42982
36727
26709
53872
53119
40124
26969
48654
49959
32247
40669
44537
31081
47463
64364
52419
35214
36596
54319
43365
53602
31281
37422
31192
21768
45584
48915
45808
33268
58353
42266
55094
21462
42345
51397
24816
33271
20603
50235
38943
64203
34805
53168
47604
62695
60970
40480
42591
43964
28855
20853
15558
29201
62324
41737
62911
59775
45930
47381
61339
64149
35083
64551
49582
47996
30306
60818
28527
37077
62152
33807
59160
19823
46848
59218
54650
62228
40336
60055
60977
43379
62748
25579
58655
20072
41265
17464
30024
50807
55626
27368
56074
31256
54178
20266
36486
17165
26504
44129
52191
36719
37608
20282
49614
52869
22299
37654
17104
53238
45901
32310
23901
23638
46055
60149
47461
41693
27273
32879
26520
24821
46262
42095
38978
31202
28587
63445
62402
43948
39517
37623
45910
45031
58318
51646
40165
22532
45804
17586
61608
18224
45110
54944
27702
22634
47052
28007
61082
39042
54354
55170
43395
47069
58448
29247
60968
54021
35353
45022
53638
29661
37686
27414
35479
30643
42207
44161
21856
26542
33285
51656
62440
28518
35423
18505
40208
43266
51247
30740
22660
55357
30783
33093
17836
44418
42702
64556
60143
44471
61377
43641
33941
17014
15624
36674
37414
35237
40110
18967
54709
40215
42316
54588
36835
28108
54667
33701
37409
46179
53315
35041
46837
51600
50437
23565
27848
39737
60914
17930
53675
46666
20102
41272
46707
24216
34133
57777
28728
54899
25728
41874
22677
51764
24675
45060
43421
51590
16878
56185
34699
45297
20398
28450
45603
19729
25127
50237
51179
42773
38353
51116
19120
30803
33789
32625
50534
34570
37938
18981
17999
27359
47623
35240
24775
40425
53183
17314
23690
32536
15453
49688
62387
41375
37762
43131
39041
27490
64362
52234
33208
48155
39775
49671
39682
50391
38600
44759
54784
45917
40211
48867
22145
32383
28490
34556
48893
48969
44500
34347
61038
44102
23803
63926
50236
42001
30549
17487
28228
27145
22337
18647
24804
37054
16192
45519
20661
19928
35150
58735
61205
25576
54091
21535
61777
48054
57275
49826
46252
48088
18774
34483
32846
63700
43196
51800
59099
20556
31401
24867
36558
61129
44241
60360
24418
21507
57512
59352
20798
17436
31984
40523
63803
47148
60192
36029
44019
35607
45870
20719
54903
15291
59977
26814
30124
19910
64453
51361
35108
45268
40531
39163
15109
29749
63436
18577
39208
26045
49483
32678
22095
61206
16292
41249
36516
59856
35557
40048
32155
64760
30551
42854
26691
51894
26608
46256
39390
47104
28713
36949
64730
62636
48967
37627
31835
25011
46073
45270
56999
44689
35564
63356
64542
45049
51198
23044
44564
24342
50365
25309
51789
36764
52443
39755
16788
50060
27553
35836
21975
21366
34765
22520
50498
51897
22473
54103
60342
59174
55753
50204
47030
51603
50401
29839
50126
27643
51217
35993
31969
34770
44334
64360
32893
41350
16381
38643
27629
15234
22207
19415
55563
39660
61796
17791
34767
33854
30413
19474
33305
41202
64690
57302
41655
53462
43757
52547
64579
50495
31473
24467
43421
36329
56394
18101
58496
50716
30690
57296
33667
18491
29149
49749
27886
43814
38706
31853
50759
16160
33399
23601
62760
34427
33032
25705
29535
46430
21331
63132
18418
24472
37907
15366
41516
31855
63942
53944
45481
62801
22525
44760
42282
41708
43681
51705
19685
39641
28844
17030
15020
62146
37899
23272
43288
58324
37502
62871
61553
64848
30760
22509
35581
63196
33946
33862
60228
31975
26311
51028
16620
45129
20611
19599
35509
34408
33085
19753
27250
62759
44950
26559
17298
25977
54908
45547
35579
57987
50920
19670
39283
34528
28016
17852
50682
51342
17226
39416
50903
61669
22399
31486
55661
49016
60711
24567
64281
28836
38870
46135
57883
17541
45874
60618
52783
31480
59232
18877
20327
15819
51851
44810
60518
33169
57232
56459
47244
57922
60072
34575
31801
44942
41587
45114
52704
21506
58493
30726
25370
51299
24032
53320
27507
17480
63510
61726
30677
32708
39305
61252
63310
31872
38906
20309
33841
22679
27274
55887
25623
53659
63671
45935
32047
44022
51510
49275
16281
54971
42554
26207
56251
41738
25407
56191
51326
48674
62438
29292
62568
16288
62093
20018
49862
62758
55993
56317
18486
40504
33507
47307
61919
38751
36012
46125
36285
27616
20062
22087
58429
19031
50113
33351
61729
19564
37527
62162
21232
30968
27893
35434
27133
37393
60286
47660
16066
28257
22221
35205
62170
26373
47374
40533
41848
42017
48922
61467
41047
44641
31550
58256
31054
43658
50167
15216
43071
24078
33324
51971
21533
21391
54695
60891
28152
49387
38353
62901
32039
62037
40985
29473
33408
26308
28209
22399
25862
63141
36166
22559
15600
40524
38842
27131
18002
21080
16735
58577
26203
33860
15393
63815
35210
16185
47201
28419
30749
62369
48058
49651
30999
62774
62770
37174
53677
33929
41231
63038
18158
19007
55235
50525
51549
31814
26965
16236
60172
42517
23901
28043
56871
29921
38700
24514
38489
26908
37510
26422
59183
31879
17421
39384
58664
36552
27131
22903
20293
54295
46827
41045
33283
35011
40197
51591
38929
41602
46341
20662
40112
49941
62022
49507
46759
17705
47488
19544
48528
38762
63754
46409
19091
43794
15502
32313
50188
42496
24745
28200
64667
42483
59547
41946
35817
56821
48113
50179
28226
21237
23820
48767
29539
42796
23837
62830
36576
61089
32688
25516
15074
42057
15698
25151
18700
60198
18737
18345
44729
46976
54991
36574
17636
48337
32145
27439
25764
54281
16634
43829
51585
35682
43359
26553
29031
31502
43511
53839
41846
44413
37185
29635
62403
48731
61490
52556
28015
63334
35113
53182
44850
62813
22785
57932
60164
47587
25699
58761
64312
32243
15172
62991
51973
55294
38146
31881
59026
47808
42999
23819
50269
57200
30632
64433
40648
29174
20653
34245
55216
59591
56940
36090
46252
29755
61764
17638
46526
52112
35587
25420
62601
17191
55364
41031
29376
39228
52361
64787
38262
31796
44865
37364
34488
47167
34007
62186
29283
51404
17287
51597
44675
48860
40636
39986
61401
63598
63067
47680
49352
36426
20838
63580
59916
47017
46046
16128
18855
58913
47096
61146
31769
45871
59722
55840
34668
40253
47379
56370
50010
58787
36116
29336
39355
53929
51599
60490
16318
16715
32362
17999
57011
25077
24880
25100
31235
40366
57525
30814
34701
35169
42259
25155
35358
47157
57413
35683
37292
15423
23632
21980
64495
47278
51193
46810
35901
47012
46775
37414
21136
18852
34230
50741
43814
18294
48709
55410
51508
35480
47661
27878
58071
59727
54526
26226
31546
35931
44583
45007
59309
30136
49170
27357
47864
34976
44874
59640
34924
56430
42441
56857
32050
31230
16675
41977
29026
23809
47225
23920
57522
38492
29002
45787
30041
15935
20332
59035
64687
31651
28819
59530
60259
63165
19644
57577
31640
43791
33097
48709
49389
33022
55226
61272
56232
32798
37459
50924
19390
61529
45279
27738
30017
62286
15025
43185
52599
51158
63971
39058
52003
39491
36350
45031
26098
47393
21716
36772
37844
59886
45405
26694
28324
15878
39964
58375
26118
16950
21517
62052
28828
41682
28781
29686
41638
38323
25670
53724
26820
46472
17078
43018
17592
62701
17259
37371
18429
32537
28077
51889
15246
38001
28551
41117
52148
57802
19987
52490
53136
55948
54770
31044
63409
64865
53621
39734
42419
37277
37388
41041
34517
56296
19704
49288
59508
19943
56142
55272
56121
37848
45674
58085
36907
18204
39453
34000
60627
48223
48837
42037
19995
57554
38904
22816
16209
48394
63309
62511
27470
47233
40599
31235
22477
62619
36302
62512
23466
60339
32860
63492
32457
37571
47329
22036
62448
36515
28083
31682
37970
15944
27925
23099
46745
23022
36323
63277
45663
18896
57127
21877
23945
38676
61787
45494
47473
47268
20588
47926
44206
51735
59800
52402
31970
49902
22900
44050
63488
31609
41451
57592
45032
24634
59399
40897
31888
48242
26053
51374
27344
36872
36185
49676
28458
27288
41117
62111
57509
45128
63559
52733
59845
28309
50054
15127
62680
44236
25480
36339
47471
62692
18492
25188
24999
35577
19422
34763
36435
26244
27829
19479
25704
19253
29861
54391
32020
52483
24689
42161
49244
51882
37553
40011
41985
31523
44811
27574
42734
33681
43745
46442
27361
53319
56967
37500
58067
61272
64768
43597
36406
57318
27364
52172
22890
40156
20272
36684
24348
21975
29610
53760
28955
26223
26302
38594
35304
45955
40842
41427
48681
54098
50147
20460
39722
18406
53986
16835
22322
19947
47247
37530
57597
28734
32392
53362
63755
36240
44302
31997
38532
37498
56412
61872
33318
31178
33732
57383
26413
40107
58968
61794
51789
43811
23378
42253
58671
29765
33953
40142
34406
48215
59568
48439
44189
21263
29893
40044
61710
50950
43651
38414
59665
37502
56988
60086
21024
37200
43206
32925
41380
53982
45320
23352
52477
43495
48562
33521
25506
49417
52007
56432
17475
46400
54440
22889
23144
63276
61501
18046
36185
37137
47170
33221
21000
56537
19997
57253
55982
61540
58360
40474
21585
59871
15471
52088
49967
30386
41719
60667
23273
19668
50312
41613
63407
32953
30633
22977
38932
15435
26215
63341
59982
63974
60017
61188
15948
62301
57075
38801
27700
24107
26141
38320
43640
19924
63120
38118
41796
39018
52900
33361
50647
33547
57129
18089
53100
16135
24056
19750
50388
52943
41524
41004
22833
30361
58995
60625
63025
32336
42051
29135
49733
19480
25083
41956
53181
46784
45295
63286
46931
49920
56175
16485
58992
49426
38733
30953
43054
39245
33081
15322
47900
59212
28074
44207
37559
20989
23643
27502
53931
21909
19200
32481
58838
54464
20372
17050
25429
31143
15761
41725
55902
47563
40298
59884
52264
18701
60472
20704
22619
27712
49823
24866
47200
36278
20989
34378
29716
45942
41759
18287
55519
38831
44383
41181
25835
39223
64029
49413
37731
38717
52233
62366
35353
30844
16107
47161
34676
38480
50671
18914
53861
59731
55552
54610
38068
25680
53776
24354
18908
44969
51601
38970
42063
58532
48051
53239
19063
40176
32954
35674
54411
54949
63563
27117
30698
57290
41892
42146
57686
53808
40021
40420
53184
20523
60415
55102
62477
28800
35255
41626
34530
55162
55702
26561
52497
30647
30192
41905
44959
39312
25600
15406
39953
19269
24380
27471
38579
59926
50090
54409
26388
31119
22063
49401
34497
49323
53519
38730
43869
22249
51895
50934
38586
26956
41490
44777
40519
43164
27147
36417
57574
36074
63808
44082
17193
20592
25232
48535
58264
26791
40065
39875
58993
19602
20912
39285
45068
36344
48278
36969
46826
39071
57507
58842
18474
24612
53385
42326
50615
26199
43064
19227
28866
55666
38817
54669
53847
17914
47354
43257
32974
39599
23149
48467
19233
62718
45485
33708
48469
59637
39046
58368
38807
60406
44959
44955
34004
51109
24543
27260
38836
46971
20521
17089
21573
54653
42294
43682
44048
38503
37534
19610
34601
25986
18370
43327
21048
15861
22985
19539
30079
57463
35732
33427
30392
23906
18768
39580
19933
45891
26424
31918
51251
29006
44037
62425
56515
42719
59779
47764
19158
15643
40304
31612
55661
16197
64900
32473
40779
32428
28632
36493
36159
41506
58756
27509
55025
59911
46873
61682
25432
23380
42472
64065
30806
28883
45309
60166
47889
22795
33755
59208
52655
40458
15765
64133
28285
34411
18839
56630
29628
52248
64783
45038
17241
26409
29275
58892
22535
60729
35311
22463
58122
31497
43267
48617
64563
52622
28775
28652
32979
63702
53588
32930
44286
52344
61905
57065
16798
44521
52254
21258
38353
63131
39121
35482
21440
35696
55290
49306
63100
43084
30181
52761
33287
54745
40508
54618
27580
64211
47014
27776
39997
39267
16976
15093
64647
41594
22551
55978
20980
42179
16431
52985
41276
26427
52930
17238
60329
23068
42904
31508
15126
61908
56032
30660
60354
50805
53161
63751
48935
50118
46463
27525
44674
35495
50037
32374
47279
58866
19947
33918
17378
41548
44796
32950
55235
64058
41271
64677
22839
19137
55336
37454
33432
32710
51667
50210
17265
16292
20668
23158
58039
25947
31221
32959
52407
55029
49845
31802
56584
37797
52833
43448
32381
37257
49930
36310
56906
23086
25124
24923
62671
62722
28846
45387
58646
23524
26962
39433
62101
19672
64810
55193
21329
64486
42445
45810
19151
42498
19253
18659
53272
38919
20094
53357
17800
27405
27550
17837
64243
17161
63547
16829
34677
21107
39261
56592
40564
36259
46034
36716
51797
46037
43911
21621
56423
36028
47034
18051
44095
22562
38633
60373
51969
58604
43558
31967
54441
15548
56458
53679
47123
33873
33218
27422
52861
46746
24459
64705
56358
61399
33302
32847
43379
26352
26760
43805
38542
49007
51648
42085
39451
40600
50965
35638
28249
58377
50012
50644
31137
52668
53587
25440
20335
46969
43517
62114
47354
41160
53674
37394
33697
51973
41442
55095
39715
28540
56047
39911
36283
39396
27908
15613
18247
35288
28189
37880
64995
25600
35076
50255
33543
27294
59597
31491
49418
48244
61695
45213
63137
51524
58432
56007
48583
54527
39403
32327
17803
64814
64224
57413
33985
25823
32105
27709
62070
45575
55621
53840
33716
54534
36291
58645
36365
46569
44972
39661
36023
31480
22652
56900
53013
59967
40175
39603
64590
45850
29605
20419
64125
45434
16305
35196
55476
47092
15972
50395
53037
17785
29392
30146
15198
27952
55356
40249
61960
45326
30324
47026
19901
31576
17033
19562
47867
55568
40460
54940
31401
55627
36146
59647
46333
50595
34005
28256
56168
32728
34792
54250
55839
61585
52772
49585
53223
31696
21347
64015
25083
55300
61784
54038
41213
32088
46633
22484
23063
49064
21499
43540
19084
48612
38553
21296
58353
44973
31424
31172
64641
35789
43737
27631
64961
57027
33875
28083
48561
22635
39565
33339
21979
52349
48718
39148
21372
25132
56241
60356
54700
19310
57376
40383
50044
40859
25579
40969
33562
45934
18549
61358
62708
55320
28028
36284
46311
45988
28483
37722
37922
62262
43933
20786
43052
63805
58408
17897
17727
44407
20212
28384
24847
20692
56687
38611
16699
25458
61854
22878
33295
34391
26986
58368
62131
48110
52132
57639
48740
52664
51542
33179
26701
36387
55160
63879
31762
18313
22124
54385
33240
47759
18054
31211
49332
20398
22891
28546
26719
15039
25526
62596
16930
52046
41873
26639
53476
15617
60086
30644
27277
27778
33777
23386
41270
41432
41505
64734
28736
24964
30860
51544
33677
38263
49340
46554
21806
64897
18106
53809
19514
62964
56853
43614
41080
58567
37791
27934
52554
33046
45797
37829
16118
36311
32520
44714
54258
39512
15181
36300
32235
62227
42461
33106
32353
21331
24105
21839
62131
42609
30015
37028
60290
50343
62402
48592
54837
57845
53560
17219
19945
64274
39877
16448
31570
16106
33871
44800
40995
63766
55263
34195
43830
58746
30307
50594
19816
15751
20562
41904
15620
57553
55741
58175
39002
15258
63822
32782
41404
34205
54672
28240
26229
40935
51995
18184
42054
16480
45562
20720
29087
24248
43275
49625
26662
21356
26082
32013
60151
48855
54778
59568
55672
52021
27210
53445
63223
17939
17647
58365
39442
41330
35563
34298
22051
41835
25978
49826
18054
58652
30205
15918
46441
17824
26230
27202
55519
20381
51278
59335
63968
42103
17670
18340
55489
54690
48744
63932
20379
15445
30617
23664
58907
18441
41277
43317
42261
36512
19623
41440
64533
56051
43708
56078
43236
18516
45171
38176
40180
54850
29259
32964
28969
28907
23960
54351
62243
61404
62636
58614
54028
35811
45070
23403
62138
58246
29914
53636
28417
46428
15493
35768
33304
41976
18795
42803
30599
39143
22934
30473
58826
58639
53357
50535
25428
30167
26567
19349
54804
58694
60602
52423
58556
46307
39061
18307
39444
35787
38118
39389
17114
35714
52648
16749
37043
23488
32621
52595
58611
57053
16468
19665
34837
37479
49047
40934
30071
61103
62132
20346
42262
47269
18486
53349
35089
23032
60047
19387
32636
21775
19108
34018
16804
21429
41253
41972
24073
59007
37736
44575
62925
29401
29313
18378
50696
27711
59455
41571
56757
63096
27397
30323
58605
22700
16164
19074
54190
28150
39666
47927
50231
56804
53882
57848
32211
61499
49056
18032
21151
46728
44430
22574
16122
36977
22287
29610
44600
22378
61415
19250
16371
51412
52126
46403
31838
40671
28808
40772
25991
57648
64098
27451
36265
46542
62938
27443
26283
46743
52507
27925
22553
17567
32788
41491
47661
17576
49748
56452
24985
18125
18389
64169
43651
19704
56642
54622
18429
57668
16870
57500
42529
45788
35250
51388
27942
30386
62250
44550
64337
54236
44348
34055
63514
57161
32478
48833
52233
29810
29588
43964
49518
42955
47579
28442
34987
25800
18501
23929
59374
52445
23905
43985
50462
39133
25910
32717
30417
21076
19756
28470
29383
52880
20295
16923
19847
16042
47648
53245
16709
54579
35970
41239
23900
43161
59438
22363
33965
38041
42012
25015
52532
60366
40415
63590
55748
62807
56531
43778
52431
21559
18677
17319
35059
37590
58671
40372
62980
49813
19694
64683
51826
28863
44994
21704
17015
49226
24898
52350
33551
43725
21482
27436
32116
52988
39986
61966
61525
20798
32332
25488
57187
27280
25129
58941
43384
18530
43608
51574
40228
26431
31356
44287
42485
48938
18505
30227
41170
30771
16875
37703
53060
50809
39075
54268
44322
30506
31455
59550
24439
56726
22165
18474
22194
37474
62556
54364
64714
18840
47543
41222
57660
35499
34222
55772
37379
37672
39882
51980
18818
52488
63149
47036
52832
53602
56396
33292
47409
59453
36203
48250
37565
64067
59331
26196
48944
20129
22226
25495
27933
27404
61055
22102
57376
29133
17560
46647
55326
19613
40810
40808
47067
33580
23516
16335
56408
23466
24329
54767
28054
56904
27688
24405
19196
41433
21577
23890
17088
54195
45951
35364
49190
30242
59044
33292
48323
29307
33261
47300
48252
23677
28140
22186
31376
55363
25484
39541
41214
31766
21196
25737
37428
55472
15307
57701
46470
46364
31164
61129
34679
56265
31350
30708
38167
25869
35323
31916
45050
36886
27523
31671
31808
40796
50788
52854
17990
44386
60720
35090
55944
46875
23644
30926
46385
59145
40488
60812
24737
44176
51407
60204
51145
35466
25693
39006
37494
22115
40840
40392
61880
23509
64172
47684
21694
48478
17671
23281
60016
50877
58286
36858
21849
28827
24074
40163
53071
35574
31571
48783
19055
39913
35047
44607
50922
15511
22150
37845
64150
17847
21133
50438
48674
22313
22030
40078
37627
36551
24856
33150
36020
17175
62008
32144
28965
34524
47164
56987
43298
64620
40112
47250
56022
36172
21927
27798
25229
35911
49351
43196
50363
45086
23777
33498
32012
19753
46491
28538
29353
32523
29980
26033
48483
28916
57604
17449
64368
51393
61045
44602
52399
53214
35026
23096
21385
60507
20259
48422
58150
37644
42274
40168
40281
33450
24229
36854
63370
15447
62568
45516
55854
31903
52230
64382
43028
38905
52052
54121
36302
57949
58634
61253
63482
60256
28159
48551
42444
16827
18960
49458
38971
58794
25628
62525
16005
17696
54383
24544
55423
28391
40265
59224
17404
40709
57962
62762
59385
36314
51773
28276
29395
32006
29854
23887
59062
36887
23097
53121
51780
22720
37345
40302
59886
17494
29513
33871
29393
48404
63042
51115
46416
24046
56002
26449
57177
24834
17165
27752
49351
43290
26707
37630
57636
50238
36710
29356
55321
26791
30950
27210
17523
38063
35770
29823
18899
35635
48381
23953
64179
33178
51107
46539
30640
38719
54487
28653
34888
38890
62851
26220
28385
55006
24138
37322
47492
36347
16677
53904
42564
30931
42072
62632
39551
30506
30928
63416
27280
19078
33228
47448
55742
27222
17621
35861
19812
39295
40284
38830
18094
44610
56830
55547
28781
23465
51126
29005
33255
16928
18815
62080
25614
32320
30164
27502
28571
46710
58567
15629
53959
59443
60730
30696
37414
38077
47821
36348
54208
30258
56308
38008
47421
56844
56532
44104
18236
20288
39387
22443
53601
25937
35497
26639
17561
37105
63262
62623
32891
22344
19793
49363
26380
44285
19259
54565
46335
50801
15822
20196
59159
30651
54597
27921
32971
15598
38201
55575
36357
54886
29724
60504
57542
33217
35094
22338
52634
58395
64394
28608
34563
31474
42101
48876
50053
55208
20898
28787
24077
61655
57292
57569
36846
49279
54945
63435
42890
51066
22080
20700
47498
27280
22559
64775
44298
56214
55691
16251
16900
63570
28188
40836
56727
38250
45988
21262
50900
38826
63989
61605
57636
35059
59596
41544
36153
27009
15006
27388
25008
57413
21277
57452
61536
49825
63414
44573
47154
43859
15163
49280
49964
18104
52552
54209
24924
25394
36052
36189
22797
37668
22614
28192
15193
36346
39217
42444
40524
61909
35422
26117
18752
43204
56133
51338
53690
54526
28151
28462
18529
62828
34170
62292
48150
24644
30082
38569
57844
39456
33209
34107
42245
20044
35675
64248
24127
51310
34768
43137
33882
36081
44662
61997
15534
23273
28747
59674
19565
52907
45044
23630
25386
53141
60109
64396
19493
24936
35358
17441
41925
45574
50565
40974
61184
58214
21958
62145
60154
18981
55516
21964
35495
23430
34298
27607
28607
41034
29363
23152
29245
29579
29186
64129
43027
37074
50199
44906
25758
64312
20079
15677
38210
17242
42191
34137
29522
22805
30332
24014
43182
16593
60905
35808
46553
17387
41278
55830
60437
42906
34674
35025
15662
23906
24805
39802
63936
16599
24717
62036
58021
34441
57867
37713
23055
18286
43640
30145
45806
20830
64993
16436
30767
37656
63836
60545
30146
21313
48886
45375
29558
36012
38923
54064
62019
61717
24369
62190
35827
53064
45714
58925
35757
15103
45956
52849
59216
37144
53622
58312
40441
53716
27593
17607
49105
42348
45753
37299
53910
27103
48214
25862
27637
50838
25987
54066
42672
56872
62906
43825
45569
39177
49530
38154
18427
39517
53727
62080
50777
61467
26605
57156
18807
18940
54552
64219
38921
52899
64674
26075
51611
38230
53858
61855
36021
32427
43437
19961
26587
64766
20868
15447
21615
34046
36554
47246
26099
46120
15552
56547
48591
56906
34543
36457
18683
46138
51122
57172
23482
49279
41389
27772
45491
49229
46477
31997
41693
22078
64750
63179
19782
37452
37747
22963
61232
42411
49366
23597
57160
19299
51292
22942
35781
18939
26979
49609
45818
27761
22522
36181
39623
62710
19406
51002
19330
18678
35933
48037
42558
34885
55385
49963
18469
15285
50587
46922
42600
22340
26368
34043
63183
31042
46517
38644
31055
45217
26602
63370
58391
36101
50886
27683
25494
55018
40488
44458
20510
31317
34932
63419
36749
43171
42418
17182
34830
53837
24063
17136
31835
19821
39086
38317
38172
42619
32399
17595
40321
49200
36714
52351
60439
49323
36569
46226
55899
41089
22879
60558
15609
56511
18664
20819
35855
38476
54398
63671
19955
50858
59237
47929
54749
35595
59668
32678
30370
53391
36016
61301
42463
57835
55223
61037
62414
46566
37158
50918
63288
17294
41591
30876
20295
24760
64123
61264
26615
53219
17584
50138
38360
29565
24687
39609
48130
30512
28405
49194
21286
43317
32203
25047
21533
53352
31348
38662
33408
30299
47890
22659
43778
48421
45030
58376
50990
37987
22594
50184
58440
56190
18637
23659
41555
52813
16322
47731
44943
47729
29445
37086
42684
32702
35012
24772
18639
15450
60629
58912
20512
18686
54609
48316
47870
61529
19901
22372
35408
62340
57361
32333
46697
42304
26520
48847
61414
26284
24162
51292
49735
60850
56777
31477
41607
64577
21534
42802
29306
22069
43711
28830
27139
46962
56120
56502
56191
63712
29890
63830
61233
21120
30924
40132
64379
33613
46261
48200
15189
51742
44148
41544
20925
17832
35572
37859
37148
39856
61679
22355
53233
53389
46949
64309
57532
21532
42729
44885
39001
33133
50728
53506
31782
39403
20967
28992
36035
17977
48281
15485
52342
33784
62330
23259
56823
28133
30970
53964
57007
25119
64905
62796
57768
53462
43147
25864
21184
50367
64313
58156
33424
35860
62676
54890
28979
52312
57846
47815
39270
53704
30519
39231
41931
53933
53272
21209
53929
30222
51536
57349
63907
29539
16561
51777
25539
59540
22358
17211
37091
43423
33499
25777
58216
48681
22105
36356
15084
16876
21645
38363
52822
59966
56131
48324
52776
15538
30708
34629
23685
51384
17193
64033
32877
39007
45643
50006
17686
42811
32809
43186
27784
41250
54853
48486
26134
24064
58732
30931
24436
53882
24271
19809
31417
57775
22098
51359
27010
55067
31585
59476
25856
32469
42906
53796
48256
31992
52283
45614
51126
47647
57305
35186
35221
24297
37290
62832
60188
58269
33712
58795
64080
60615
39490
19453
46370
45791
39880
47140
58973
40555
19667
61498
30479
60363
19542
47346
34273
24610
63829
42910
63429
42260
53401
32174
39963
39739
17085
38115
43040
24564
57033
64705
50627
34406
49752
53074
31893
42098
27800
30840
36685
39286
52397
33451
46437
49036
57650
17440
42772
27296
17005
23562
36073
53406
47294
29210
18577
23449
31412
64866
52981
54873
50364
53672
22355
19900
21783
18758
16343
47293
50070
36701
22309
36145
38388
17594
60374
27374
48545
22001
36141
31638
55143
40278
41781
26018
23243
17083
22553
54906
32337
29522
33055
19232
50012
38740
42257
49836
35441
24939
43754
38002
16599
59114
58714
20256
55341
33404
59526
62067
36423
16473
47519
43401
31367
49269
50237
35122
15764
37571
43559
26432
38778
62392
44882
25693
59117
56201
38916
24955
57691
31926
26548
31718
45790
44816
36096
27958
41290
32197
15833
17153
41433
40061
53503
41933
62384
43453
57893
57283
50190
48056
19409
59823
27025
20869
41154
61428
52532
40076
37374
38364
50665
26698
24055
33005
41903
64421
49162
48408
48176
27097
35732
15914
27418
32144
36704
24133
54584
57136
40609
42441
50460
33518
41753
38268
41931
31488
56484
40761
49173
15920
49844
22676
43071
26589
37753
16428
46095
18588
28845
36457
36035
16267
38521
25908
54271
22582
29991
38326
29793
35907
33222
45273
62578
27879
52611
36586
64908
64379
48683
63584
56242
54842
17113
24311
21233
52721
43949
26389
39441
59049
35644
24637
27623
28657
18654
24338
23067
49363
36120
19043
23344
32729
47350
41541
29893
51929
61813
64878
51640
20348
42042
59629
59858
27660
63555
34216
63347
47739
46952
60861
19642
27937
24668
23242
19072
50429
17414
57624
24994
36620
25271
29953
16394
15464
31543
37618
30265
24103
20561
60492
42963
30229
21047
27717
40374
53868
18243
61163
43368
44111
53340
57561
59581
60070
55953
35858
39346
37428
28517
47673
48473
49044
42567
57699
56897
33298
57084
28517
37072
55142
46731
30823
46400
16858
60677
29098
17764
18029
16032
47941
31894
30497
62943
46715
27934
22734
27423
46649
43713
42921
49583
38571
40067
55728
44445
46590
31194
32028
56825
35568
21041
52089
56297
54180
24517
23105
56201
57537
18864
30036
15676
59994
62895
50452
18339
38040
54210
49229
35833
58628
25200
47730
64697
43745
57237
39586
44060
49605
22361
25418
45347
43560
26845
51444
32957
37142
51092
48732
38613
31727
27500
19155
46972
35197
48393
48253
35534
28085
24076
28149
25763
33542
27365
22929
56485
49903
22994
61488
52841
55789
39298
30815
38364
45506
44314
47195
51067
28097
60595
54272
40511
45254
23791
57472
59539
57027
61814
48944
44099
37060
35473
20092
53075
35588
40450
28587
50233
35913
60766
41981
29192
50314
47992
47329
21706
26176
47804
17186
36777
36330
49124
24673
32202
58091
51594
30639
48726
19679
63627
16321
57542
53467
19604
60902
49931
42145
31564
25892
53864
17635
59150
28542
27116
49039
37985
46370
19535
50440
18533
39646
51641
60117
64877
16307
56361
27395
46211
22610
16809
52118
16732
31619
36796
22668
38122
46117
22528
56450
42840
44495
62662
55809
50517
45829
15514
51280
62080
38407
28497
39421
50508
59939
27967
15653
20208
45514
49283
64416
23886
16879
15087
33131
27773
31900
34871
42317
26006
15487
17685
59307
41848
62306
26215
56247
57880
17944
63750
32482
21944
53027
18403
37938
55746
16659
45824
46063
59570
29689
45257
46136
44126
40617
15613
16259
58082
33598
17341
38209
18188
35975
36607
57071
35281
41439
50223
53209
34538
19914
18019
56041
49918
59676
29658
32349
52157
47828
58944
46647
62567
35317
35792
19357
38551
44501
32999
60193
63375
19550
46688
62395
63377
21313
19394
21506
39607
25675
54866
30363
54687
54960
56566
56792
50231
19940
58296
47089
36257
23721
16067
19263
41251
27602
58189
29653
41485
26389
61392
21882
35784
43887
26134
52545
59048
60738
58481
25914
45805
43130
39109
62353
50588
25453
53939
44595
33589
31456
17634
22433
20289
28982
61996
60254
52409
61635
23538
53458
23558
38799
24109
36865
40992
30279
58275
32742
58229
38989
19313
38536
58377
38671
16971
41119
64212
62357
59629
47824
52381
35124
53885
20963
53249
18543
16800
60198
54095
42462
25973
61626
60691
39287
41266
44075
23117
41816
28601
27421
44621
49142
36166
46834
45726
62495
25144
22825
30044
18492
32921
40464
37107
29347
58508
16186
60085
22825
20258
55451
60792
58437
57689
30464
35978
44751
42770
18939
57521
60599
54781
61084
46804
25634
33443
54444
62927
18318
55408
63315
39655
15559
59419
61961
39083
51363
15347
27162
61026
45927
53512
56930
62007
16189
52386
54359
63422
60413
48370
47174
37730
18840
43524
43158
55372
57539
22125
44537
55058
21504
54615
52161
50954
40521
22838
17839
57081
30054
59910
50694
59084
28510
25011
64318
20322
52649
19077
22245
27268
43524
44006
39584
39202
27086
63201
19455
29164
37455
22632
63038
47369
63977
36898
22663
34871
64934
62255
59541
16464
53969
43561
37636
61462
51777
50970
23876
47323
28559
41732
26461
25903
45528
26161
43212
55574
19374
58647
25131
35221
24282
61895
36478
17913
40012
59667
42202
27413
59859
30842
26816
20630
64599
57025
55127
49012
25331
35647
38024
15607
15393
29045
21939
31347
37070
39688
19598
27170
60908
28892
23422
64333
56070
44959
60654
38775
30702
63728
26652
39269
17363
57354
17427
19406
46622
43393
56467
28651
48843
25063
54061
25706
49300
17451
15898
36965
28745
19167
23164
23738
23612
49892
59404
28423
29609
21860
38385
33397
61875
61772
39874
53501
20442
43700
24131
31515
25160
54092
35036
55838
56634
30677
51832
44616
61164
42506
26104
54409
40109
23737
48583
37698
40562
26545
34121
17160
63718
57961
38076
54408
41759
21803
47137
30785
50348
47019
44260
35890
28250
26120
56918
35297
54326
41902
61468
33845
57325
42454
34096
15137
15375
41819
39925
47966
62881
37833
28329
21011
26450
19699
55155
57412
19270
33537
19019
19076
43278
50677
42105
51640
57272
36824
24741
24505
53810
42230
15614
48117
40890
15683
57926
53875
22897
21064
38906
26050
60927
63118
28368
44333
29648
44598
23241
47164
55691
18786
60325
36250
34467
33284
17558
49439
20694
30897
36573
19193
50274
47841
27009
22652
35592
44021
54462
31235
29337
37381
28553
31905
26990
33334
51650
20441
41188
27637
62786
38902
34275
60355
52996
60936
33407
42988
26608
22652
25783
22085
45218
24326
47563
31586
38921
31102
51179
38161
40252
20980
28683
54598
30455
18417
57826
15220
58867
49419
27154
25541
64979
37333
17826
56678
40378
42545
40246
40866
41739
53395
35520
36298
27032
53315
27472
21341
64460
51246
32167
44202
57364
51866
62297
39551
32951
39156
55057
18556
63927
54264
46286
43769
42048
32668
25019
60385
43741
54090
55885
28506
64186
56568
48885
28482
34787
15541
48197
32792
16028
49458
50016
42451
59674
34250
58297
35107
53726
34895
36205
21042
49794
27059
58957
58727
34844
32561
21060
61783
37439
31494
17847
61992
26097
52478
62698
23603
26408
17647
20367
26581
58253
21980
27721
58291
26834
36551
30191
38615
35231
23399
33739
49819
62872
58897
52882
37137
49403
26486
64495
21676
20790
22041
32680
20207
61845
31899
56834
50576
29641
48421
15057
18137
15524
55921
58775
28811
48688
33910
27549
37342
59103
31486
19215
61450
64237
44421
52546
27115
35378
18736
64593
32757
64949
17432
29413
37524
18298
18898
28291
29229
31659
62988
28319
58087
54884
49893
41246
34352
37368
38458
47833
17581
55986
33209
48125
15026
44950
36468
25231
44522
27093
61155
45822
29380
43919
17046
29665
45530
33299
41510
15919
21295
52706
18823
64173
19124
56242
31405
20689
15687
41598
33543
62822
63448
20827
63004
49977
42793
59845
25328
41839
47362
43767
38131
22889
44159
19498
22039
20576
26310
56885
51133
39419
16184
30210
24602
56816
52516
41586
55915
53846
27170
42454
43346
59976
61107
24526
34011
52598
28354
30127
18112
64182
56407
16829
17684
16536
45640
44937
58704
28038
59356
53283
31513
29002
62558
20592
60058
60346
49178
23270
18995
26447
40007
48501
19022
64756
45521
43632
33257
34377
36178
63497
24485
21654
31164
28282
54810
47181
54565
24431
21029
60984
29088
30242
57407
19314
52916
25998
25019
63250
23227
30501
45435
40865
62297
36845
46720
41389
17095
22869
52828
64502
44907
22949
62645
64389
40182
59811
60921
34733
27689
38498
37801
18553
60597
51029
25539
52261
53982
23330
41216
33913
31851
35697
48054
29888
31212
17475
36587
62023
34488
23008
17079
51008
52098
51480
36132
38486
20344
17403
25541
58955
17352
27061
60800
40334
15055
37281
37113
43160
24704
19134
33277
59141
50365
61887
41448
36559
50884
19611
50947
35142
45561
64149
27597
27773
63580
26279
28981
22318
16039
35895
53153
61533
33207
54780
44830
48409
46996
57353
35333
36607
26270
39495
32614
64649
50886
19858
44628
51908
21606
53226
15357
36015
42606
26361
53268
33903
21532
34228
59148
17615
21783
23499
55139
42341
46984
16794
30600
18016
21254
37282
57051
47677
38925
26610
40368
28553
38073
29166
22240
23457
46501
30002
15996
29109
39354
59248
58206
30187
18134
28789
32030
34335
55659
39082
37677
26344
63889
43061
35794
23654
24490
23600
28735
37192
38095
57777
29599
56714
52012
18905
62782
18795
62212
36505
47237
62668
24162
64285
55616
26180
62398
59132
16718
30305
35273
22008
27444
29418
22565
62288
19119
27328
54611
53349
41028
59730
27322
19194
25717
22143
62753
42196
47299
41685
34489
21505
64731
51481
48490
56213
64926
42464
53641
61471
24240
63834
18162
41210
45165
43854
44392
45279
16067
47904
19238
25960
15744
61120
44017
17568
26169
48028
16588
41526
53187
24309
23063
49983
18546
48159
44389
61659
48620
52721
35177
22640
26777
63677
46621
31411
17898
19962
61358
56934
46706
33292
64903
64075
36981
63141
42152
15718
60924
19285
39394
58608
34946
50973
46962
54936
43711
22738
42696
30468
32222
26396
26676
25061
26028
48446
37788
26568
52704
37472
58667
41433
15314
33863
62457
43539
23737
19719
47779
37762
46948
58799
58055
29689
36276
60786
51823
40446
64453
61606
51991
18851
22216
16581
34844
46657
30798
61489
29092
18829
33635
38453
47812
29596
46500
45046
40513
64227
33934
36424
36758
48278
15237
44765
45311
39842
47357
48152
44928
63383
20313
59344
25686
49709
57118
50368
40887
39319
15490
40747
36264
29173
47399
15436
20731
31315
30478
49276
60627
37199
59001
51725
42870
33768
63586
60963
19165
31890
29009
39395
49547
19190
42430
44355
20696
28421
22835
63488
53721
48813
40653
52191
31165
38165
16943
62939
32550
48274
37523
64541
54978
48236
50814
44122
48822
61867
18415
56374
44646
57963
60964
38278
56867
54414
49816
17539
41409
22288
34829
22010
19828
62278
35250
57297
35959
26496
27233
34196
18232
39038
25224
20269
22147
35806
39185
17378
59529
37187
17600
51241
59309
64609
43497
62118
35596
49685
61212
20981
48198
25314
50910
19138
49821
28934
40981
31525
50617
26587
43535
25756
18629
23609
32224
26289
37274
63656
30774
15419
41941
38691
58026
54368
52040
58921
24118
44903
52682
32254
47997
38859
62859
36638
33548
60956
52585
45809
54811
45760
63128
35865
40143
35527
42337
19288
47455
52780
19370
57839
32193
45191
63486
37345
44017
27807
28168
57255
22893
51133
34401
22508
47024
46619
40484
44440
61049
28220
51531
28298
45175
50645
63160
52735
19715
32329
36001
19775
49514
36002
28424
35526
38182
62843
30710
57872
16840
43595
17204
28494
53908
54779
57750
27349
34632
35753
21908
19717
37306
57909
42086
32231
21118
40232
35596
48128
26705
32549
23127
52738
54228
60424
22488
53922
44920
18811
26546
60100
20627
39767
27566
23682
29005
28967
63964
52124
28826
44391
50704
32825
16771
51772
15888
59819
38627
37710
57529
19489
52347
36416
53241
17110
32370
34865
25373
28006
26525
17162
46823
42401
30183
17479
30411
47368
36589
35363
35990
58485
30617
60683
24524
49079
45288
55573
24317
18058
28138
54778
58771
50469
50086
38670
17658
28717
21095
61393
37980
22151
53975
48317
35400
33899
50743
54703
58702
33556
55544
38755
30794
41747
48249
62793
56267
28884
49805
30740
26031
25480
42888
28768
37709
37649
40678
51683
60190
63884
51752
64588
29416
60569
28172
54264
21385
60662
62327
44676
64300
30665
29746
56877
27499
53228
58703
18163
22434
21379
58406
64956
58444
40537
59248
46933
55148
51896
47855
64610
53529
64200
24248
30855
34327
25150
54478
32559
52142
61350
35100
49977
44073
39212
23919
50819
27534
23843
53022
35759
54949
16392
39351
23266
24950
37393
51687
15771
16195
37823
53541
18769
37855
48995
15083
22565
32842
27805
47746
57414
27435
33455
40265
46771
38489
59440
23731
34347
39797
53756
33386
59328
19223
21673
34899
55418
22451
51460
49584
35768
16616
29642
52811
19042
25125
62899
27222
39674
20392
29928
63420
22272
15845
58869
64675
38452
33823
24378
36417
23799
51478
33163
46840
48234
34749
47479
63200
28312
20166
43414
20559
33744
41693
53228
61111
41386
31934
60026
62940
18746
58243
24739
25472
49474
37726
26396
21917
41218
53199
28381
34703
23243
29171
44532
19819
16610
16522
51049
35088
46448
26851
60939
52009
23573
44966
63769
20267
64732
61709
41486
35681
48634
47552
33107
44882
56000
28556
52776
33468
18913
16655
21918
49359
52109
28610
18939
26504
57243
60883
53824
35176
64773
42958
57319
25505
51565
33256
36918
40413
44270
15480
30465
36650
38973
52387
24812
56022
48878
56242
47821
38083
60867
60161
35488
56951
54287
31862
49956
47282
59321
63820
37747
20685
38588
18492
36687
23996
56683
27783
25399
57999
45602
17378
64153
59595
22631
28959
25313
38863
49632
64100
29952
56790
59022
36250
20728
16217
19846
57603
64467
55374
62801
21113
44180
15377
18681
28512
26245
29037
16372
17111
21951
47014
35693
54256
42424
63974
27325
35593
45127
28275
26377
20630
17603
52474
24261
40893
54297
32346
20918
36286
36572
29103
35557
60941
38375
23129
47040
37981
39614
53656
54394
53483
36787
43463
17395
45444
60660
60786
64834
17140
43761
26437
56846
62252
56571
59522
54860
26703
41656
36238
41011
56489
21939
59625
55403
21853
41041
37545
15092
33321
51742
47954
37107
36264
47734
44116
22647
26628
63792
20416
56682
20133
51796
50456
18243
57307
54988
27250
60504
18484
15385
42601
54976
25226
19837
16065
35015
33324
42741
51077
40762
62487
31290
38446
45266
46321
33133
30162
48319
63858
51775
22342
24585
32384
42931
17697
51419
30309
20587
50687
38412
20767
19871
23039
18754
50372
21964
42586
29707
39791
36344
29376
23462
22572
32692
42977
54396
44555
41883
18900
16125
48036
58183
40376
21140
51432
48771
49012
59436
42064
40186
44061
38684
42165
21358
38788
23293
54347
57205
24505
24605
43626
15006
17856
51548
39578
50417
17486
21508
23258
48133
39392
26134
21421
43739
21640
22446
30275
21687
43334
26664
45439
26879
39071
28924
44410
22603
60460
62021
42627
36700
40113
21008
60768
53610
64424
54064
30310
44534
45641
47678
40802
24878
34265
53533
49074
32159
51101
46508
17346
25012
36521
21332
64294
27676
25865
35505
42801
34650
24474
44254
36208
64022
15190
18505
41527
23985
39835
54949
55493
30357
43031
31566
20790
35851
23842
50616
38677
43638
41576
48976
22844
37661
48866
21444
47130
46966
32319
15870
31343
38750
63924
21211
43495
29317
60397
28986
56864
44518
23278
38832
22298
56708
38812
30553
22907
15503
21585
45801
58124
19702
27551
59136
47539
36087
16852
54011
28477
31378
32502
22887
25640
36219
59772
59857
45194
32078
63241
21001
49858
43421
39350
36581
26217
49189
54618
29170
25396
62559
53048
30581
15945
30290
34470
15247
20636
57957
45333
45087
31365
38690
25202
17537
61295
23031
45416
44756
34991
25302
29279
46010
33455
60172
55541
35960
46118
54654
42695
33389
62886
42735
23325
42560
54914
37614
50879
53650
32826
24924
45848
30274
60228
64380
42582
25535
49385
20579
19946
27752
41465
51791
45186
41199
39883
56820
34896
15821
24870
55409
58711
55855
26789
53138
35170
20061
63210
60494
26065
28043
45682
31712
45360
59689
18544
38691
60662
40405
31769
43766
30183
56608
54844
53743
22822
38110
47180
22203
47291
36215
20443
31780
38125
56842
52804
62188
60332
36482
44037
60870
21469
53600
64488
61588
45603
64343
33260
64986
40870
35895
29013
62673
24931
34178
17708
23528
49760
58506
59252
48597
18586
20283
46363
28058
28317
47237
22888
43922
25087
22561
53751
48090
53961
30308
16335
49916
22019
48738
55837
41207
58011
61322
38142
33323
15426
21936
37822
44112
54451
49704
28472
52214
58529
24765
26968
52342
57916
45345
37029
24296
50863
36639
33973
38078
25593
55612
29084
24093
38725
47708
17253
60972
23769
61665
39371
38373
22472
44174
49508
22553
42324
28218
15451
18032
21812
50400
28504
42350
23517
43844
31246
19041
39888
52703
43970
46630
62496
34523
32883
59803
20366
23002
26921
62255
47571
46000
20894
46902
29769
49138
27028
26665
15702
25446
24994
51994
17062
29322
39615
52533
36564
33392
50937
32577
35109
15607
36081
40422
56626
46325
24183
29065
38096
42352
62046
38403
43933
48924
42524
50480
42168
23646
32977
33938
31006
41664
45585
28598
33581
30317
41183
21630
16550
52732
19495
36846
25140
31369
16952
52018
33940
56862
22445
15548
56240
48274
46167
46732
42571
23016
36585
20215
64587
63720
52335
34570
54238
22186
48699
57496
46827
25678
60173
45183
45319
43561
28639
38233
36992
40058
17210
36238
40825
55659
58521
36135
56594
25715
37336
64061
27699
40648
15880
55504
54085
47745
26002
42980
23885
21722
40709
31029
58950
62401
47406
62123
36873
17437
41299
28200
27612
56462
46956
59711
41557
55919
50062
33535
38809
25784
24661
23468
31974
44128
31502
19151
42601
18480
19982
48963
24668
58179
26498
26289
19008
58489
38389
29030
64515
24619
48919
38351
28621
26985
58752
64487
33069
32878
61441
38663
54091
40213
60578
45148
25994
21541
55950
32439
31916
47464
62296
28285
55201
40201
41080
36239
28238
37260
36197
43060
21718
55063
58625
28257
21608
39870
49260
61067
55332
27869
36229
54068
42955
45422
25396
18625
26898
48218
51629
23868
25618
26508
49186
58309
56496
64977
58329
35235
56772
54988
64836
17945
25880
40422
34787
62323
18511
32466
50130
33855
17167
57087
59472
42665
57244
15558
25678
27183
55347
19315
63711
35955
35184
59841
33522
60367
15180
57070
53257
30210
47286
31022
24518
25961
19325
34411
19521
33865
55271
51817
21064
24136
53201
52424
28996
52923
39044
57026
21123
22698
60672
15317
44599
52992
55768
63195
34379
61631
46761
28468
57757
42480
44568
23125
34717
25671
63175
33498
24880
46469
40564
31479
55089
39944
44367
22412
40165
49357
63717
25511
40009
45526
59805
42291
23835
37814
47871
16381
44225
37496
51708
28712
18937
56976
48494
55287
64687
40233
31324
22183
54916
60814
35098
35183
64929
30884
53195
29824
61432
61236
25380
32726
38531
59255
28975
38721
25948
38586
39656
39165
59176
20640
54408
33532
17281
57767
23739
55222
47966
36882
61728
24007
31201
44982
34109
51319
48893
37009
40892
56679
23329
41316
19206
52022
63174
47809
59178
55203
31873
55535
19737
35085
37669
57882
60226
38982
22936
23448
49253
29879
38128
56983
57798
50109
31866
59425
32304
56145
55143
35345
30964
51317
49204
37120
32509
63705
26164
61064
47120
52606
55596
25818
15077
28706
49498
51962
16508
28666
26291
49080
27295
34286
30280
49146
31714
62317
35044
61780
24713
24050
41845
30618
21927
30174
33044
58732
32670
50165
33011
54576
18183
56741
64370
20222
28543
17040
23405
30996
58045
64698
56678
57866
28460
59214
39210
16432
46889
22156
58531
46323
57275
26669
53930
40782
28329
27975
57158
25485
47484
28827
56773
64301
48371
63260
15110
24352
58749
34522
63009
40268
35399
63404
27252
37491
33697
46781
44234
36749
52351
53437
53850
53281
45097
44456
58314
59459
40975
35331
42477
41863
59645
36802
64416
22595
54759
49063
32461
29763
31425
46630
30474
58870
33358
49460
32466
55510
42179
60397
58925
27205
32630
56180
29246
61843
57752
32517
34105
49659
28989
20294
20479
37837
25412
18765
54359
42855
50343
52171
22235
29708
29441
57046
49468
38678
52134
43828
57251
43736
60756
63475
16597
34492
35108
19653
45314
53964
57773
33497
18427
27932
62021
35429
55021
50052
25652
49231
49886
47323
50088
57163
24627
56590
50703
62655
24908
54657
29620
28258
20556
47212
42921
17890
44200
51927
60029
15669
21324
44576
36058
45672
22644
48985
57949
57891
36750
22159
56483
44557
36458
28004
26909
31787
52810
36606
15648
18308
15644
39129
59100
45457
30593
25831
42998
27680
23977
59688
44323
64903
15117
51780
18724
52549
41625
62485
50713
35156
24580
62354
53219
56491
50157
51686
15083
21024
54948
60944
33432
34955
38402
32099
49904
41237
25381
19597
19839
35199
57052
63732
29181
43215
47356
28716
38159
59573
63277
36694
49996
60925
62580
33587
52986
54509
33005
49014
34660
56781
62532
33911
55131
38486
61137
63651
15287
26931
56766
51121
51975
44276
47493
53184
33996
46530
63803
55547
58223
41389
54772
21567
21050
56672
27585
37443
25226
59830
36573
63078
59535
42342
28495
40455
30925
26410
27644
34157
34994
50126
61613
57175
26180
63123
41129
58286
64070
15843
28431
27718
46359
62558
18226
46931
56360
17971
64784
62473
39928
17275
23281
63819
25694
21632
49753
57909
24417
18891
51466
62102
33431
17434
27433
24772
48169
25184
32010
60483
60223
15126
35387
15009
50797
26143
36587
58248
18393
33754
58757
41591
36456
31376
55309
60314
32181
34861
48709
34293
30941
26796
27516
62416
43209
44763
39508
39004
44953
28798
24574
34820
31210
55839
53668
39822
41956
63027
57219
19201
39602
50215
23300
62289
50222
63289
42821
56853
48600
63715
37304
48266
49219
43987
62071
27024
54413
40438
45411
53650
24873
38450
31688
64595
44411
42579
22414
25332
39759
30861
16639
22002
58918
28736
27648
63916
50654
20890
47101
26098
32620
61030
58262
64569
62681
24850
20480
64827
17495
51358
49145
38955
58206
37536
42860
49974
15671
27909
62557
58133
24339
54706
50113
64527
36569
29256
57837
21403
59020
44262
45834
26963
36725
19064
41586
24885
35761
37966
59578
15907
26217
57415
37131
50282
53818
44604
28334
42623
42001
56569
23684
41829
15349
27286
62543
31388
18912
20372
29873
37139
25659
35314
17759
53102
59558
41455
37313
48658
39041
33946
45129
39645
26249
28950
53949
45956
19922
28281
33475
23364
16141
55347
62664
48777
32775
17292
47724
60077
46990
50422
40862
15512
36129
64546
55824
28949
34627
17278
48102
19334
39371
43180
53969
42462
51915
33406
22498
21260
37226
53917
53373
55847
15744
41256
41132
26277
46494
38249
37132
64822
17000
60708
19128
45597
44992
56538
17009
35422
48192
51626
37143
32434
17892
20454
42934
15000
37649
54083
17695
41623
18070
64442
18818
33246
44542
60907
20149
20108
38142
56242
15332
24443
53665
59698
64181
52054
37582
17053
35238
17772
60866
29109
54134
59885
21280
17597
38972
23409
60450
24441
50936
45736
27018
38228
28836
31788
45305
47249
61143
17922
35371
45625
27478
60624
29854
38418
18359
53224
53053
43584
51779
19314
42045
20357
18343
44409
20755
22181
24968
45595
52303
25445
37968
44084
38378
50353
41769
30260
31143
58444
35653
27276
24777
62530
56280
51257
19233
16970
27395
18247
34466
39143
44269
33798
58052
18606
36095
43818
41744
55057
35117
26988
48334
15754
47660
56590
35993
29091
48452
29756
58716
51410
60548
39870
56396
19187
59293
15018
29761
61149
34540
19750
42993
26790
21335
34587
39467
36578
60866
20789
17661
35847
25886
64919
19395
23068
33232
43787
51853
46640
21226
58567
15067
51014
59336
47723
56743
59678
37304
62775
32783
49375
46311
64490
62670
55777
35028
20597
33927
17111
34980
16173
59613
40905
39233
45215
40369
51968
59791
27102
48856
55066
44109
62857
33800
57709
30708
28264
35312
16392
51424
56708
60401
43381
62615
54150
35629
51819
23322
20807
24587
38656
43096
17799
54947
60060
62474
25658
26572
54792
49870
39148
54031
59317
33267
28709
56632
31642
60477
29464
50553
55333
35718
17077
62907
40018
49570
26927
58946
45465
53117
18359
16763
16290
63651
64695
31733
31364
58395
36107
39513
50778
40673
43001
24279
15335
25118
58193
38750
16145
57095
62256
49192
17528
56671
54943
17184
30602
23866
39960
58193
62831
63439
50520
21052
63007
28312
27616
32885
57316
63097
43733
59803
40938
58379
31480
59730
33458
39332
61392
54271
38646
15157
22867
51503
31063
40208
18884
47076
21250
62531
38214
54365
57953
56325
24462
39217
33949
18700
24998
22584
32753
51241
34926
63078
23082
22401
30957
49637
57883
20152
51510
40782
48126
17900
36902
27219
20148
39867
50377
62012
45341
60723
28668
29532
58450
54244
62685
64799
26191
17347
17102
56114
21503
19022
61353
15903
51648
51287
17870
17764
15878
58271
20407
47759
49179
34976
38060
63624
18468
24438
53170
53819
38863
28427
23663
33024
21048
57087
61417
19193
48890
62273
17340
45511
57282
21036
38234
35369
30368
43856
56108
32067
28583
40091
21927
54887
39924
57332
50362
27106
64155
59572
39556
47333
20460
52498
24146
34463
48517
32058
46902
16915
29809
42281
17331
21339
32670
53799
18405
39753
50684
15761
45229
31174
39681
56465
48234
44249
26378
63853
53123
50549
46204
55082
55105
62031
38137
33130
20186
51915
17421
51241
45608
34578
58552
42095
25368
44994
43142
63283
25198
30162
45722
62221
42373
63264
57546
29078
31236
28906
59875
57807
17676
28645
50764
23514
30303
39085
18777
16488
17867
30665
33638
47600
15843
43642
19011
47401
21438
43232
49999
15460
23688
60409
23645
56057
61351
62823
29716
24285
22553
63325
52834
31277
44137
24582
42512
22649
15360
32273
35264
52720
47912
25101
15970
34067
46123
45933
38391
48777
42954
32537
52125
53439
16169
38817
34809
40137
60856
35069
32739
52842
63981
15862
61899
54124
51677
50059
61305
26572
18025
30673
59122
16469
48805
49451
39303
42007
31300
21057
28279
55540
16911
64768
23812
23271
15300
52846
30883
56065
59835
47448
27997
58977
51908
52970
54163
56335
36140
23034
39470
43238
28351
45201
62516
36428
20007
49879
24087
20879
47202
29402
57703
59421
26530
42523
31544
34464
34877
40117
27886
32692
59285
62442
29108
57926
59522
51804
58045
33020
49403
17029
48817
31691
31988
43284
26841
21976
45890
28133
35366
43759
36681
25147
16348
57209
38790
59548
29420
51742
27465
34137
27550
45463
24857
23672
24637
33886
39452
27393
58893
27380
25950
20881
51944
30239
22078
30094
30549
28734
40713
18312
59898
38523
63358
25816
30824
22284
51040
42632
52725
61765
41530
56431
40712
32749
24940
57223
40364
34539
44884
19020
49367
37278
50376
38163
16917
17926
20736
29796
58973
41330
63376
17078
45637
22999
23939
25478
51921
37001
62963
18547
22839
16377
23557
48777
39150
36796
47794
52345
58741
23171
53135
